,14437,14445,51529,6086,6258,6308,6311,10932,17628,18013,18033,18066,18479,19466,19508,19649,19779,20021,20040,20111,20231,20311,20321,20961,2249,2250,22631,23091,30208,30235,30647,32433,32473,32576,32578,32724,33001,33016,33020,33190,33657,33676,33694,3372,33771,35511,4485,50413,50428,50573,51498,51590,51926,645,6611,813
14437,0.0,626.3284046832563,2558.9598537795923,625.7505808862,2560.1297762049626,2.8976369589705837,1007.1652788318029,971.607502807863,972.2608891143652,1163.717836680079,953.0993957308882,1163.5547712195319,972.3250384396646,991.6985688879246,1393.8295114361451,192.757024156079,398.4059782943246,801.951808982501,273.283512556337,192.5666665114411,438.63754190911925,856.1912745175322,577.9424256774822,1114.0508545695695,1483.341977890736,6.040540830245973,975.0321858576748,1109.0591894687038,976.0633561556205,193.29865248308897,1007.7169479745584,919.812177946784,802.0636406395355,0.13943954721925844,401.087198589784,625.1327134401412,1729.6181982526275,830.1154416119084,1483.5979133292326,973.8495880516671,829.8609479716797,973.6551460000678,1484.9224432688527,1393.2229330445082,953.2451656400934,973.8678792820319,578.8388219541855,1413.2104301676904,1416.711465277648,976.7831587236608,1417.1292551400184,2561.2470913023053,1353.6569007397109,974.2197467192246,1417.38888733349,972.855951863164
14445,626.3284046832563,0.0,1945.8432039508348,0.5778264226280214,1946.968187398821,623.540274622231,1632.2903777076117,833.7353699028655,832.7245919601318,1121.6615624094698,942.7592153613803,1121.3679047707146,832.6787201005362,1211.3296888137852,2019.316054938803,516.4029469117695,315.76244537735806,176.03002013219879,811.8020243674785,515.7193333089173,898.4527151032156,614.7396603282081,1182.5080071942614,1324.7245878990846,2095.4862347465432,627.2245622269318,835.05576124251,1318.6180751361799,838.9986880620627,514.196515561208,1632.9561242236011,1073.2528024063004,176.1331339854026,626.1893806606911,309.7626668382993,2.3565553189239106,2310.4266398497384,1264.1699021123547,2095.7131441285933,835.9043364847246,1264.7099979752236,839.1316892347728,2096.9124041934624,2018.6508980417218,942.7898108416566,839.5212480744377,1183.1703383875079,1593.2249291933933,1594.493299110642,839.0191722691064,1596.1360499511645,1947.9422605846055,1461.0963252254176,835.2771604714907,1595.8076477444406,832.8383562996427
51529,2558.9598537795923,1945.8432039508348,0.0,1946.4055268251645,1.3814663075245734,2556.357826230144,3562.3237579067913,2374.4889962173756,2372.1233748196414,2624.920548331322,2566.116926616665,2624.594089160333,2371.9743864996394,2961.3022105332775,3925.5186947638986,2461.839217714285,2176.375565512689,1779.1139402462554,2680.42993817497,2461.1754608393076,2694.3538185019283,2195.1571665808497,3062.995192469476,3041.1396800858565,4039.7282029586827,2560.8911730999166,2372.425848040396,3035.3274851181027,2377.362285376552,2459.651900200715,3562.5812365206484,2802.4435659116166,1778.9669070435314,2558.821153516964,2172.222909984526,1946.5376155020322,4251.226556494041,3155.827339510787,4039.965960331063,2375.1820672628114,3156.748654119442,2380.4694239083196,4041.211655381289,3924.4394090935675,2566.0129354747846,2380.8241883747705,3063.3035650392294,3218.5925699103827,3216.941489364256,2376.525318278588,3219.6896298325287,3.9028429685855652,3030.676942014079,2373.75382562273,3218.7324813409587,2371.5837222039854
6086,625.7505808862,0.5778264226280214,1946.4055268251645,0.0,1947.530565842146,622.9624490837307,1631.7131593802608,833.6557300932077,832.6464916572426,1121.5397978456142,942.5766358656788,1121.2462228286647,832.6007269094449,1210.9959224108634,2018.7388482203796,515.8471203315344,315.2768268869818,176.60600831197604,811.2476866181606,515.1633370993609,897.9367375440445,614.7112437825398,1181.9401919247189,1324.4091001243773,2094.917420203685,626.6467481466138,834.9787146019397,1318.3028855662624,838.9194834337021,513.6405340630425,1632.378844676502,1072.952551527586,176.70916087684745,625.6115568937025,309.27639492972594,2.1233725689867473,2309.8796444126756,1263.6947275499274,2095.1443488597943,835.8253139659292,1264.2343735686572,839.0497927676374,2096.3436925517917,2018.0737315121924,942.6073451186704,839.4392582531328,1182.6026371603414,1592.9550589834992,1594.2253465066935,838.9407237107175,1595.8672006281374,1948.5048108231608,1460.8773528520442,835.1990553713924,1595.5392594852306,832.7608030383988
6258,2560.1297762049626,1946.968187398821,1.3814663075245734,1947.530565842146,0.0,2557.5273724247763,3563.515206539133,2375.2816059447,2372.9156698292554,2625.6375835434606,2566.926332430772,2625.3111610398146,2372.7666505302327,2962.158991700526,3926.7500460042065,2462.9564566864747,2177.579537102349,1780.2137380094223,2681.6649934926822,2462.292895464231,2695.627771135938,2196.019487252794,3064.23526060216,3041.9608489529933,4040.876782356756,2562.0594051168537,2373.2167890218448,3036.1494288260083,2378.152721872091,2460.769336602797,3563.7734864050044,2803.29876527499,1780.0667552442242,2559.9910717195135,2173.425488184062,1947.6635401765545,4252.305736977587,3156.8181975854973,4041.1144617492437,2375.9735828673493,3157.740004473031,2381.261038902471,4042.3598203832175,3925.671237853111,2566.822266136753,2381.615700625295,3064.5439179862246,3219.3221119450754,3217.668816250214,2377.315402797249,3220.4175934614773,2.672839990344764,3031.3824718989713,2374.545161637528,3219.46002501861,2372.375727898672
6308,2.8976369589705837,623.540274622231,2556.357826230144,622.9624490837307,2557.5273724247763,0.0,1009.8838263853537,969.4753193499646,970.1239154504435,1162.0507981606268,951.4066492632555,1161.887131157417,970.1877638758343,991.1302192788055,1396.6618152599258,190.30234697422503,396.22569676725215,799.1506120832371,275.50710935610147,190.10510632657056,440.49470206616337,853.6867533562349,580.8240656808862,1113.5210682048967,1485.845317619187,6.349108418490963,972.8958381098141,1108.5201240399583,973.936989905293,190.82647173031827,1010.4393153080565,918.8282484158921,799.2625761364718,2.7671839605227166,398.8811834857405,622.3471697476734,1731.798174843089,830.8279522700398,1486.1008843287102,971.7188119862728,830.5795126663648,971.5351187053445,1487.4238339239014,1396.0565338284646,951.5520891276212,971.7485727989373,581.7198828815034,1412.6736521874218,1416.1646746554836,974.6550927777557,1416.5889254654019,2558.643446556223,1352.7352128535144,972.0860793692766,1416.8456458225398,970.717891462186
6311,1007.1652788318029,1632.2903777076117,3562.3237579067913,1631.7131593802608,3563.515206539133,1009.8838263853537,0.0,1686.8471676762624,1688.6629638570948,1720.704531124765,1558.8450494261974,1720.738017282211,1688.7966088719422,1296.6513627857764,420.75118619722764,1135.6070223269098,1386.8101397278183,1807.0615103932207,903.4888708471167,1136.0723906655833,954.6310190169947,1686.002019139611,551.6678992315686,1366.9175316517978,521.0531854581233,1005.8470799031548,1690.839648040419,1366.1343075849481,1689.0729511851193,1137.5279980522066,3.885834286724179,1357.3026107822286,1807.1808351549334,1007.3047182153307,1390.775382497006,1631.193280676505,865.6276100248738,868.6115757667994,521.4186389885734,1688.368631034111,866.8308536653296,1685.3691867073608,523.1997296525087,421.1749287160136,1559.041968494951,1685.3584694303233,552.0233633583406,1588.4738879573001,1594.2960817081696,1690.1297496347422,1592.6198138217605,3564.7044359600914,1658.8617683129153,1689.444773185917,1593.7239198617237,1689.4527921700503
10932,971.607502807863,833.7353699028655,2374.4889962173756,833.6557300932077,2375.2816059447,969.4753193499646,1686.8471676762624,0.0,2.4521319000484594,296.60701123528963,194.97499454991197,296.2859391944948,2.612674894721035,605.5144806374763,2106.9359564065708,783.0102041808394,1007.7596311482635,862.0567602986537,1244.6891867429397,783.3952687827503,1407.4940263834062,228.02170568605098,1476.3445303791714,669.9675629012835,1994.8539814148871,966.9830648140652,3.9935770940663926,664.3628621350672,5.301590610735184,783.0047004758685,1689.3032515046,450.8368483570563,862.2274896763125,971.5436749604909,1003.3224198158455,835.5846914989266,2067.6833000022466,927.9548341522834,1994.9046316539068,2.3477013111622207,929.4977272623469,6.318865029268443,1995.3228888572141,2107.500795038212,194.8428923131321,6.723256001676244,1477.5982768604738,856.7025533711857,855.9490428348752,5.562106773359223,858.4096015797761,2375.368322253284,684.6333877740783,2.712264855601415,857.6316213583049,3.1582142316648274
17628,972.2608891143652,832.7245919601318,2372.1233748196414,832.6464916572426,2372.9156698292554,970.1239154504435,1688.6629638570948,2.4521319000484594,0.0,298.2075218048229,197.42055780699113,297.88583847643827,0.1619517256917945,607.9664657830746,2108.7723687179073,783.555417419666,1007.4281858483769,860.6102034011285,1245.3645830897199,783.9380583760924,1408.0462740626133,226.51158648132932,1477.533483345197,672.3906567111158,1997.0007475607624,967.6459690662755,2.7888727156217077,666.7873799865424,6.476287314244764,783.5429847586919,1691.1160707284357,453.2810245970538,860.7807921904569,972.1967588001031,1002.9810619836594,834.577831563918,2070.016973283651,930.2177410219915,1997.0516683189392,3.450195128610766,931.7596814630074,8.461483185868735,1997.4711475204529,2109.3348846333424,197.28832088743164,8.847361124974869,1478.7862727698837,858.8952314657408,858.133961087071,6.314790898663487,860.5972074154662,2373.001645512882,686.6695696367568,2.5525757742446773,859.8176267047406,0.8015168713599666
18013,1163.717836680079,1121.6615624094698,2624.920548331322,1121.5397978456142,2625.6375835434606,1162.0507981606268,1720.704531124765,296.60701123528963,298.2075218048229,0.0,210.94004449687137,0.33591832246773823,298.2960337666545,473.15377690722033,2131.864648129302,989.0487261352927,1267.375783253292,1158.0265779628594,1429.6745294545542,989.6133840954687,1601.3527632568487,524.5238349875511,1603.891512097365,484.6592535003907,1955.9316245856037,1158.3715909960536,296.4226278323321,480.5496159665576,291.7363281583963,989.5891178676304,1723.6476151035495,366.29321675310985,1158.1984611054197,1163.6817803577605,1263.494636156284,1123.397630896189,1971.7511598781687,882.887294810195,1955.9140788417633,294.7779103358214,884.6476402036665,290.517351232929,1956.0217670259428,2132.8425353323123,210.80270679258751,290.10545450383177,1605.2400730949935,594.4271827437225,592.5338922985505,292.03495733727124,595.3450962825814,2625.54948371512,406.6162738357739,295.7612094578725,594.345338711217,298.32738439125325
18033,953.0993957308882,942.7592153613803,2566.116926616665,942.5766358656788,2566.926332430772,951.4066492632555,1558.8450494261974,194.97499454991197,197.42055780699113,210.94004449687137,0.0,210.7626547749551,197.57898726074254,411.56648104872164,1975.6368411816402,778.2015339673716,1065.5431172669457,999.5307156995426,1219.9448549063925,778.7710704644148,1391.0386194464124,387.3569343656107,1405.737407865594,475.88485177335923,1834.5850599087325,947.7855742914807,197.67873296913106,470.2002040548826,193.07495015837142,778.758300909141,1561.5665954246338,259.9169950866335,999.708597209167,953.0618473495433,1061.9147096898846,944.311672393844,1888.4263649674374,759.1940900220413,1834.6092222965292,194.73916813904174,760.8350987344097,189.5231788181402,1834.9074727255588,1976.4126364998401,0.19731082522144724,189.22042485454728,1407.0638335971596,680.5002582631686,680.413634394233,194.04995913715277,682.6294143674836,2567.052729111451,524.2126073635555,196.21254097694094,681.9928461868467,198.06486922213207
18066,1163.5547712195319,1121.3679047707146,2624.594089160333,1121.2462228286647,2625.3111610398146,1161.887131157417,1720.738017282211,296.2859391944948,297.88583847643827,0.33591832246773823,210.7626547749551,0.0,297.97430643093224,473.3135312286885,2131.9139114871973,988.8637344400493,1267.1286040160753,1157.7115970859352,1429.5260593462785,989.4282002424092,1601.196152193403,524.2045378702953,1603.8149991535338,484.8888739549821,1956.0491605881643,1158.2092414173758,296.10025499963893,480.77689388364956,291.4145609843156,989.4035010227747,1723.6806026732218,366.36392678822295,1157.8834744052497,1163.5186807136033,1263.2466222170617,1123.1042063295124,1971.929488379082,882.9824985812751,1956.0316885245416,294.45635036329867,884.7427015497811,290.19685275666757,1956.1397145370688,2132.891346717896,210.6251254756241,289.7849653356845,1605.1634729588804,594.7487611217404,592.8563965100888,291.7128402994064,595.6673515445035,2625.223144414756,406.9474514511923,295.43928957119726,594.6677634154777,298.0054448892753
18479,972.3250384396646,832.6787201005362,2371.9743864996394,832.6007269094449,2372.7666505302327,970.1877638758343,1688.7966088719422,2.612674894721035,0.1619517256917945,298.2960337666545,197.57898726074254,297.97430643093224,0.0,608.127147129174,2108.907145454507,783.6127871975063,1007.4285040266132,860.5334905219438,1245.4300734477454,783.9952745463636,1408.1039793905466,226.4307486404397,1477.6306199185588,672.5458457141262,1997.1518669655782,967.7107177544017,2.746208792498489,666.9427451017452,6.560853063039665,783.599915674043,1691.2495504725928,453.44272332361095,860.7040691399045,972.2608891143652,1002.980720057751,834.5322317267912,2070.1764332224875,930.3743064666529,1997.2028010083125,3.5550710243417947,931.916205120371,8.598406423829914,1997.6223401878738,2109.469533028307,197.4467253790614,8.98279194084245,1478.8833514494902,859.0289184903759,858.2670040830718,6.374783799129159,860.730473031234,2372.85255323937,686.7906590975517,2.6034633587995586,859.9507596610799,0.6577173136768654
19466,991.6985688879246,1211.3296888137852,2961.3022105332775,1210.9959224108634,2962.158991700526,991.1302192788055,1296.6513627857764,605.5144806374763,607.9664657830746,473.15377690722033,411.56648104872164,473.3135312286885,608.127147129174,0.0,1694.52436302995,870.8884557773114,1237.8816851378417,1309.9069126712873,1217.3420782943813,871.7078595858578,1393.3275744221244,766.2478003465518,1287.7898851012637,123.19032327550268,1488.6485421805007,985.672002778121,608.4427034454145,117.86627922194359,603.996206167839,872.4171892806198,1299.9239170617866,158.91134479119265,1310.0879510163297,991.7199034931214,1236.0043126608011,1212.3011486522464,1499.8714935552944,431.1054369059918,1488.6111667626626,605.4674242405642,432.9081745800178,600.333114550223,1488.6281569422652,1695.7722435491662,411.71584064683714,600.0517837099377,1289.201006320214,421.73026132012666,425.11784961142973,605.0036464904418,425.6033676330989,2962.3997405235245,389.8964521846777,606.9417539614698,425.8303160774005,608.6480056516011
19508,1393.8295114361451,2019.316054938803,3925.5186947638986,2018.7388482203796,3926.7500460042065,1396.6618152599258,420.75118619722764,2106.9359564065708,2108.7723687179073,2131.864648129302,1975.6368411816402,2131.9139114871973,2108.907145454507,1694.52436302995,0.0,1538.0799949468292,1753.165358289632,2195.2543792354663,1245.2239895972352,1538.473497173693,1252.1491782202813,2105.8170929326684,863.775320562121,1754.2941655456484,456.6159945172396,1393.3478030030753,2110.926926663761,1754.165829179329,2109.0990527024464,1539.8806329699503,418.50278477647686,1766.4857630828806,2195.362006813538,1393.9675982950075,1757.7014640830423,2018.0313263103449,841.1750275817344,1263.4249798454653,457.05265127828676,2108.4343960327938,1261.622397802404,2105.3777353481496,459.0019643463047,3.009525949211648,1975.8340644389548,2105.3614546482663,863.5520252783939,1951.1079176233895,1957.0866431214993,2110.1600417915806,1955.0874253578322,3928.0809688044105,2041.27835294237,2109.523408170169,1956.3001925353913,2109.563837772538
19649,192.757024156079,516.4029469117695,2461.839217714285,515.8471203315344,2462.9564566864747,190.30234697422503,1135.6070223269098,783.0102041808394,783.555417419666,989.0487261352927,778.2015339673716,988.8637344400493,783.6127871975063,870.8884557773114,1538.0799949468292,0.0,388.27153547099056,684.1183511354113,464.8815088348022,0.8802639991866357,624.495326906806,663.5467692697362,756.1057445299604,993.9978890241941,1582.4631804729663,188.98253027205843,786.3379987156072,988.5392533196166,787.5935349465327,2.2636809143153758,1136.6708523732698,777.4509564999806,684.2570784708846,192.67132206211934,388.0698678364902,515.8156507320734,1794.8940205357155,792.8383758323115,1582.6771771373383,785.2818336403067,793.0052525684949,785.3334477809952,1583.8207425244218,1537.734937647283,778.3341226160103,785.5626353204411,757.1179289432853,1290.428105680181,1293.3633399655025,788.2738979180589,1294.1300012397387,2463.9061537858565,1211.1118424603596,785.58642929784,1294.2296684611572,784.1256647621582
19779,398.4059782943246,315.76244537735806,2176.375565512689,315.2768268869818,2177.579537102349,396.22569676725215,1386.8101397278183,1007.7596311482635,1007.4281858483769,1267.375783253292,1065.5431172669457,1267.1286040160753,1007.4285040266132,1237.8816851378417,1753.165358289632,388.27153547099056,0.0,478.1754631606909,516.5950903007683,387.3915316097709,585.3832563460971,819.2340067587452,897.771770496775,1359.6130013861914,1876.1565802556768,401.7762616249513,1010.0986655909699,1353.8657747076638,1012.9862431412162,386.21682228544637,1386.9619332086213,1126.0479540560725,478.2268360678577,398.27569130334933,6.035522488565816,313.66087372499766,2128.0226185458255,1179.2654529084434,1876.4272786002286,1010.0947163759859,1179.361098949529,1011.9948643687526,1877.8146084179664,1752.2346063247858,1065.6286100748807,1012.3294544231351,898.262761704493,1650.0178244663757,1652.4011962737113,1013.3193665118636,1653.481235320547,2178.8127914255465,1549.5416221909145,1009.8733119586051,1653.4326324999897,1007.7633741854013
20021,801.951808982501,176.03002013219879,1779.1139402462554,176.60600831197604,1780.2137380094223,799.1506120832371,1807.0615103932207,862.0567602986537,860.6102034011285,1158.0265779628594,999.5307156995426,1157.7115970859352,860.5334905219438,1309.9069126712873,2195.2543792354663,684.1183511354113,478.1754631606909,0.0,984.762490759413,683.4873580409574,1063.536218125742,634.231068824026,1357.66887862216,1417.1253222281255,2266.1713964668565,802.7406248586029,862.5788598859633,1410.9670661386556,867.0799206086516,681.9664078591514,1807.7741685950814,1163.0304881058687,0.18122655942544358,801.812986684546,472.3828196963809,177.39181887821027,2472.948894282224,1404.847902823425,2266.3904019764673,863.9965238767932,1405.5235877003486,868.0096513120004,2267.555353294096,2194.5971141777986,999.5273936811583,868.4187959993845,1358.3137337270514,1670.4561927483378,1671.1391062161788,866.8753359405426,1673.044855405868,1781.1110651220788,1523.7097286956666,863.1100612276457,1672.5787326954558,860.5590446155707
20040,273.283512556337,811.8020243674785,2680.42993817497,811.2476866181606,2681.6649934926822,275.50710935610147,903.4888708471167,1244.6891867429397,1245.3645830897199,1429.6745294545542,1219.9448549063925,1429.5260593462785,1245.4300734477454,1217.3420782943813,1245.2239895972352,464.8815088348022,516.5950903007683,984.762490759413,0.0,464.6185606264837,176.44907810935968,1126.3612092775106,383.23594959611444,1336.622813871962,1414.5856613373705,277.77272557150275,1248.132927610131,1332.144450950255,1249.1163650192625,465.2293475578167,903.0076531294046,1164.4887660601605,984.8388944515088,273.35270045023816,521.6970090724357,810.0858501118413,1709.2924306487719,980.7528126420085,1414.905387842985,1246.9244364987712,980.0572511917906,1246.6753336084537,1416.499154983749,1244.112100269361,1220.0977065855334,1246.8841702171346,383.62264787712127,1634.011773043006,1638.017978097035,1249.8446139645848,1638.0944696571755,2683.01011498644,1593.3639758733586,1247.308248037152,1638.5054462550017,1245.964448864015
20111,192.5666665114411,515.7193333089173,2461.1754608393076,515.1633370993609,2462.292895464231,190.10510632657056,1136.0723906655833,783.3952687827503,783.9380583760924,989.6133840954687,778.7710704644148,989.4282002424092,783.9952745463636,871.7078595858578,1538.473497173693,0.8802639991866357,387.3915316097709,683.4873580409574,464.6185606264837,0.0,624.1176081870098,663.7061426772648,756.2113471118879,994.815728031344,1583.0687334622382,188.81351715957535,786.7208277529359,989.3561484835755,787.9812870045134,1.5235688221132726,1137.1337474404993,778.2101262432558,683.6259804722954,192.48047445505625,387.19030371556477,515.1295876410845,1795.6128776314463,793.7096488229341,1583.282892066111,785.667496743513,793.8762386345429,785.7244455892145,1584.4271603936631,1538.1268936629424,778.9035327675492,785.9539784583508,757.2223887662483,1291.233732631988,1294.1674984176211,788.6607739388066,1294.9350276554453,2463.2431944697055,1211.8574045086857,785.9706343268897,1295.034290777972,784.5077343768663
20231,438.63754190911925,898.4527151032156,2694.3538185019283,897.9367375440445,2695.627771135938,440.49470206616337,954.6310190169947,1407.4940263834062,1408.0462740626133,1601.3527632568487,1391.0386194464124,1601.196152193403,1408.1039793905466,1393.3275744221244,1252.1491782202813,624.495326906806,585.3832563460971,1063.536218125742,176.44907810935968,624.1176081870098,0.0,1276.9179059385972,403.68675707968026,1512.2630045127946,1475.0241649958064,443.76015235460875,1410.828415263305,1507.8348514251336,1412.065641510631,624.5265596982225,953.4564059585127,1340.7522513984686,1063.5863187990203,438.68416668143936,591.2025898830447,896.4738066846504,1794.3103112510576,1144.6966820263513,1475.3785291331465,1409.763390735141,1143.8993798856086,1409.786086917113,1477.1142071341071,1250.6519074763585,1391.187225066553,1410.0128423162175,403.4440972602217,1809.23326652392,1813.2939204997008,1412.7502480866067,1813.3317217965903,2697.125386687915,1769.812393071996,1410.0731053827676,1813.7596014381263,1408.6177021676058
20311,856.1912745175322,614.7396603282081,2195.1571665808497,614.7112437825398,2196.019487252794,853.6867533562349,1686.002019139611,228.02170568605098,226.51158648132932,524.5238349875511,387.3569343656107,524.2045378702953,226.4307486404397,766.2478003465518,2105.8170929326684,663.5467692697362,819.2340067587452,634.231068824026,1126.3612092775106,663.7061426772648,1276.9179059385972,0.0,1403.5993694440401,851.2180832573135,2043.8726145571275,852.5147003735287,228.42810214453743,845.2391383785196,232.98708437009486,662.936266302259,1688.0244697081612,607.4913786606755,634.4010063272617,856.1022770168435,814.263487400516,616.7116351980757,2157.2720099900066,1013.0882507987404,2043.973143372763,229.91633121938546,1014.391269527179,234.0517295154389,2044.6157520272277,2106.0531414937077,387.30157664776857,234.46278053179716,1404.7403043316056,1067.5393943991226,1067.3313442318133,232.75240165861806,1069.595745799472,2196.274483789176,904.3970700818423,228.9957887044365,1068.932011956892,226.43798909708116
20321,577.9424256774822,1182.5080071942614,3062.995192469476,1181.9401919247189,3064.23526060216,580.8240656808862,551.6678992315686,1476.3445303791714,1477.533483345197,1603.891512097365,1405.737407865594,1603.8149991535338,1477.6306199185588,1287.7898851012637,863.775320562121,756.1057445299604,897.771770496775,1357.66887862216,383.23594959611444,756.2113471118879,403.68675707968026,1403.5993694440401,0.0,1393.1471518172111,1072.6074447225642,579.3868421179487,1480.1550177339932,1390.0177622005149,1480.0006823924964,757.3407018681689,550.3754616283379,1282.1122953081474,1357.7576729467414,578.0675119090873,902.6727751608133,1180.960543747219,1401.698911378882,941.3060617460189,1072.9688507095389,1478.3605412502545,940.0163832793429,1476.9254485454055,1074.7330632089897,862.5653445984046,1405.9170710887204,1477.0484172511601,1.4133717487270958,1672.5625559176476,1677.508133645193,1480.8973462946337,1676.8395981077413,3065.5990222399096,1677.6853572320763,1479.0550600671659,1677.5632235494747,1478.2375459637758
20961,1114.0508545695695,1324.7245878990846,3041.1396800858565,1324.4091001243773,3041.9608489529933,1113.5210682048967,1366.9175316517978,669.9675629012835,672.3906567111158,484.6592535003907,475.88485177335923,484.8888739549821,672.5458457141262,123.19032327550268,1754.2941655456484,993.9978890241941,1359.6130013861914,1417.1253222281255,1336.622813871962,994.815728031344,1512.2630045127946,851.2180832573135,1393.1471518172111,0.0,1519.716550428988,1108.019205433989,672.4094262407034,6.159597913778719,667.631141537081,995.5183730070944,1370.3405415686134,254.1623225513691,1417.3065487415324,1114.0740752000834,1357.6504105112376,1325.77726083162,1498.8619847002524,499.2293616916868,1519.6433537116534,669.5344381715753,500.98372343577154,664.2590886022272,1519.4947484090037,1755.7125310237836,475.99958091807815,663.931393076742,1394.5604731542155,299.1719208554986,302.74405517079913,668.5493676039872,303.10854875570715,3042.115066687496,293.9062121457045,670.9958179913074,303.388837604802,672.9938438064856
2249,1483.341977890736,2095.4862347465432,4039.7282029586827,2094.917420203685,4040.876782356756,1485.845317619187,521.0531854581233,1994.8539814148871,1997.0007475607624,1955.9316245856037,1834.5850599087325,1956.0491605881643,1997.1518669655782,1488.6485421805007,456.6159945172396,1582.4631804729663,1876.1565802556768,2266.1713964668565,1414.5856613373705,1583.0687334622382,1475.0241649958064,2043.8726145571275,1072.6074447225642,1519.716550428988,0.0,1481.0152532448801,1998.717405194437,1521.0759408593112,1995.9090229074957,1584.5849180042148,522.47619154851,1594.3815660410987,2266.3066625646698,1483.4792663096644,1879.5857282783456,2094.6705953902433,390.4945684591395,1076.9462075218114,0.45117217193590176,1995.9219178736466,1075.2492383551848,1991.9962827135732,2.5201191755374084,459.58597359547343,1834.778350401183,1991.890328285967,1072.9814432847475,1662.3511105661032,1668.3924525177076,1997.0118962959682,1665.934950824922,4041.9240775240355,1785.7668018273923,1997.2016624009286,1667.2845333672078,1997.8007557095352
2250,6.040540830245973,627.2245622269318,2560.8911730999166,626.6467481466138,2562.0594051168537,6.349108418490963,1005.8470799031548,966.9830648140652,967.6459690662755,1158.3715909960536,947.7855742914807,1158.2092414173758,967.7107177544017,985.672002778121,1393.3478030030753,188.98253027205843,401.7762616249513,802.7406248586029,277.77272557150275,188.81351715957535,443.76015235460875,852.5147003735287,579.3868421179487,1108.019205433989,1481.0152532448801,0.0,970.4159843484524,1103.0286448762697,971.4273670253891,189.5784730581128,1006.421364997796,913.9141016852266,802.8535205457143,6.072680468548179,404.3893940963541,626.0483242037641,1726.2709847422145,824.5038249617584,1481.269776937548,969.2223341029636,824.2541826887762,969.006745174374,1482.5882636390959,1392.7540727366877,947.9317469426476,969.2180670056446,580.2942722367172,1407.1795004068777,1410.6817723431807,972.1505122045339,1411.0987546999813,2563.1711417353035,1347.7298099227198,969.5982221914579,1411.3587467878835,968.2431930376747
22631,975.0321858576748,835.05576124251,2372.425848040396,834.9787146019397,2373.2167890218448,972.8958381098141,1690.839648040419,3.9935770940663926,2.7888727156217077,296.4226278323321,197.67873296913106,296.10025499963893,2.746208792498489,608.4427034454145,2110.926926663761,786.3379987156072,1010.0986655909699,862.5788598859633,1248.132927610131,786.7208277529359,1410.828415263305,228.42810214453743,1480.1550177339932,672.4094262407034,1998.717405194437,970.4159843484524,0.0,666.8168720791028,5.043212652137321,786.3260957154035,1693.295894093957,453.9487436580223,862.7493075443555,974.968095434884,1005.6482482023806,836.9116710593181,2071.282338247878,931.6864178741517,1998.7678245232348,2.997287705023057,933.2307380872011,8.161789248387393,1999.1850348898433,2111.4919671656135,197.544449606089,8.479935049942688,1481.408231262551,858.0615760529137,857.281664618516,4.458564592783688,859.7513182536053,2373.299569947777,685.5075875615653,1.5551061974947498,858.9679129325342,2.336497691574099
23091,1109.0591894687038,1318.6180751361799,3035.3274851181027,1318.3028855662624,3036.1494288260083,1108.5201240399583,1366.1343075849481,664.3628621350672,666.7873799865424,480.5496159665576,470.2002040548826,480.77689388364956,666.9427451017452,117.86627922194359,1754.165829179329,988.5392533196166,1353.8657747076638,1410.9670661386556,1332.144450950255,989.3561484835755,1507.8348514251336,845.2391383785196,1390.0177622005149,6.159597913778719,1521.0759408593112,1103.0286448762697,666.8168720791028,0.0,662.0448923563995,990.0548950329941,1369.5490074481859,248.00272465734986,1411.1482926631397,1109.0819613507858,1351.8938389581888,1319.6720517684091,1501.7274976519782,498.1736407081825,1521.0045206632503,663.9386298273442,499.9329227724831,658.664917518352,1520.864153573784,1755.574752688111,470.31573760309357,658.3382050673291,1391.4310272597502,304.1542246819481,307.6671747200384,662.9655168623711,308.0701311612692,3036.305511298178,295.531295683791,665.4007711032746,308.33322449944285,667.3925837222863
30208,976.0633561556205,838.9986880620627,2377.362285376552,838.9194834337021,2378.152721872091,973.936989905293,1689.0729511851193,5.301590610735184,6.476287314244764,291.7363281583963,193.07495015837142,291.4145609843156,6.560853063039665,603.996206167839,2109.0990527024464,787.5935349465327,1012.9862431412162,867.0799206086516,1249.1163650192625,787.9812870045134,1412.065641510631,232.98708437009486,1480.0006823924964,667.631141537081,1995.9090229074957,971.4273670253891,5.043212652137321,662.0448923563995,0.0,787.5957124092166,1691.5377000712454,449.6847054622437,867.2505300872809,975.9998956951154,1008.552610802009,840.8491135389796,2067.7252634182123,928.4480189333909,1995.9584863213333,3.105644275984431,929.9962046894083,3.937990621717696,1996.3713747210745,2109.670799528422,192.9391511756926,4.106476457906816,1481.2561334774052,853.0188294499023,852.2385604920198,1.1051252012664943,854.708308764101,2378.2343085906364,680.4963976861028,4.05166886244261,853.9248433728304,6.612091690711663
30235,193.29865248308897,514.196515561208,2459.651900200715,513.6405340630425,2460.769336602797,190.82647173031827,1137.5279980522066,783.0047004758685,783.5429847586919,989.5891178676304,778.758300909141,989.4035010227747,783.599915674043,872.4171892806198,1539.8806329699503,2.2636809143153758,386.21682228544637,681.9664078591514,465.2293475578167,1.5235688221132726,624.5265596982225,662.936266302259,757.3407018681689,995.5183730070944,1584.5849180042148,189.5784730581128,786.3260957154035,990.0548950329941,787.5957124092166,0.0,1138.5878600052147,778.7007001008167,682.1050150170757,193.21170296063008,386.0005947653008,513.6069971763504,1797.1290916358182,794.9923834601551,1584.7991145096132,785.2780360264996,795.1608323657402,785.3449403377505,1585.9435463303412,1539.532880961694,778.8904761814211,785.5751187794225,758.3504047597963,1291.8871653602964,1294.815255393726,788.2735642327931,1295.586132454405,2461.7196421646536,1212.3041832835827,785.5784604934514,1295.6838347917742,784.1115989948788
30647,1007.7169479745584,1632.9561242236011,3562.5812365206484,1632.378844676502,3563.7734864050044,1010.4393153080565,3.885834286724179,1689.3032515046,1691.1160707284357,1723.6476151035495,1561.5665954246338,1723.6806026732218,1691.2495504725928,1299.9239170617866,418.50278477647686,1136.6708523732698,1386.9619332086213,1807.7741685950814,903.0076531294046,1137.1337474404993,953.4564059585127,1688.0244697081612,550.3754616283379,1370.3405415686134,522.47619154851,1006.421364997796,1693.295894093957,1369.5490074481859,1691.5377000712454,1138.5878600052147,0.0,1360.3217387353245,1807.8932009118676,1007.8563871524808,1390.9399817218768,1631.854083581076,867.9735997904463,871.9826268815341,522.8434710523509,1690.8279365918481,870.2025369367573,1687.8363492483825,524.631821501241,418.9040635660549,1561.76349186233,1687.8263750346855,550.7218158914286,1592.1167066234746,1597.9374912815772,1692.5939156809022,1596.2635777673029,3564.965459846566,1662.3254363189153,1691.902259746203,1597.3668648907271,1691.9056517111562
32433,919.812177946784,1073.2528024063004,2802.4435659116166,1072.952551527586,2803.29876527499,918.8282484158921,1357.3026107822286,450.8368483570563,453.2810245970538,366.29321675310985,259.9169950866335,366.36392678822295,453.44272332361095,158.91134479119265,1766.4857630828806,777.4509564999806,1126.0479540560725,1163.0304881058687,1164.4887660601605,778.2101262432558,1340.7522513984686,607.4913786606755,1282.1122953081474,254.1623225513691,1594.3815660410987,913.9141016852266,453.9487436580223,248.00272465734986,449.6847054622437,778.7007001008167,1360.3217387353245,0.0,1163.2117133011259,919.8128099149114,1123.6290311799523,1074.3709172951546,1632.0365213080322,518.3712734791519,1594.37923412299,450.9552368398449,520.108467519111,445.9261545897995,1594.5568968664531,1767.5024809646068,260.08346313037316,445.6675421364384,1283.502607892619,525.8778105904366,527.8845615028011,450.7225863677669,529.1591143809692,2803.5357333996712,434.6096718116302,452.4227462240673,529.0144325303684,453.99021349881883
32473,802.0636406395355,176.1331339854026,1778.9669070435314,176.70916087684745,1780.0667552442242,799.2625761364718,1807.1808351549334,862.2274896763125,860.7807921904569,1158.1984611054197,999.708597209167,1157.8834744052497,860.7040691399045,1310.0879510163297,2195.362006813538,684.2570784708846,478.2268360678577,0.18122655942544358,984.8388944515088,683.6259804722954,1063.5863187990203,634.4010063272617,1357.7576729467414,1417.3065487415324,2266.3066625646698,802.8535205457143,862.7493075443555,1411.1482926631397,867.2505300872809,682.1050150170757,1807.8932009118676,1163.2117133011259,0.0,801.9248160070647,472.4348129940478,177.49330441126278,2473.0999980445404,1405.0175673248093,2266.525689512604,864.1671596278983,1405.693175702318,868.1805295150476,2267.690733779595,2194.704542655617,999.7052683189402,868.5896780050659,1358.402380585192,1670.6364443399382,1671.3192883159763,867.0458684953752,1673.2250677466866,1780.9642343779767,1523.8877756268123,863.280613238211,1672.7589289476323,860.729576302137
32576,0.13943954721925844,626.1893806606911,2558.821153516964,625.6115568937025,2559.9910717195135,2.7671839605227166,1007.3047182153307,971.5436749604909,972.1967588001031,1163.6817803577605,953.0618473495433,1163.5186807136033,972.2608891143652,991.7199034931214,1393.9675982950075,192.67132206211934,398.27569130334933,801.812986684546,273.35270045023816,192.48047445505625,438.68416668143936,856.1022770168435,578.0675119090873,1114.0740752000834,1483.4792663096644,6.072680468548179,974.968095434884,1109.0819613507858,975.9998956951154,193.21170296063008,1007.8563871524808,919.8128099149114,801.9248160070647,0.0,400.956250890509,624.9936551833292,1729.7483347571358,830.1940840825177,1483.7351955775605,973.7858492866702,829.9398385612419,973.5920842934169,1485.0596990034358,1393.360978277604,953.2075984526828,973.8048629316293,578.9637913946129,1413.233349177902,1416.7339007674943,976.7195912274585,1417.1520029576436,2561.1083729519046,1353.6607662514962,974.1558255123978,1417.4114944637781,972.7917529242014
32578,401.087198589784,309.7626668382993,2172.222909984526,309.27639492972594,2173.425488184062,398.8811834857405,1390.775382497006,1003.3224198158455,1002.9810619836594,1263.494636156284,1061.9147096898846,1263.2466222170617,1002.980720057751,1236.0043126608011,1757.7014640830423,388.0698678364902,6.035522488565816,472.3828196963809,521.6970090724357,387.19030371556477,591.2025898830447,814.263487400516,902.6727751608133,1357.6504105112376,1879.5857282783456,404.3893940963541,1005.6482482023806,1351.8938389581888,1008.552610802009,386.0005947653008,1390.9399817218768,1123.6290311799523,472.4348129940478,400.956250890509,0.0,307.66337960628596,2130.6601221405513,1179.515226998858,1879.8554570410088,1005.6564938075204,1179.6201290093327,1007.5767856005265,1881.238657767577,1756.777283987115,1061.9993916441822,1007.9123612292316,903.1689590595739,1647.7788341409077,1650.143110811143,1008.88144738547,1651.233531708253,2174.6538771493815,1546.7139416270074,1005.4291525096593,1651.1799255934206,1003.3132814075954
32724,625.1327134401412,2.3565553189239106,1946.5376155020322,2.1233725689867473,1947.6635401765545,622.3471697476734,1631.193280676505,835.5846914989266,834.577831563918,1123.397630896189,944.311672393844,1123.1042063295124,834.5322317267912,1212.3011486522464,2018.0313263103449,515.8156507320734,313.66087372499766,177.39181887821027,810.0858501118413,515.1295876410845,896.4738066846504,616.7116351980757,1180.960543747219,1325.77726083162,2094.6705953902433,626.0483242037641,836.9116710593181,1319.6720517684091,840.8491135389796,513.6069971763504,1631.854083581076,1074.3709172951546,177.49330441126278,624.9936551833292,307.66337960628596,0.0,2309.9534395309965,1264.3471905777226,2094.8979236634154,837.7552284574198,1264.8840678848403,840.9752371829813,2096.098996333004,2017.3632496403618,944.3426353880346,841.3645563322137,1181.6209869690254,1594.4658073084522,1595.7416758279276,840.8715212628098,1597.3809228203163,1948.6405346970612,1462.5258912020925,837.1303855271246,1597.0543227512858,834.6929841025445
33001,1729.6181982526275,2310.4266398497384,4251.226556494041,2309.8796444126756,4252.305736977587,1731.798174843089,865.6276100248738,2067.6833000022466,2070.016973283651,1971.7511598781687,1888.4263649674374,1971.929488379082,2070.1764332224875,1499.8714935552944,841.1750275817344,1794.8940205357155,2128.0226185458255,2472.948894282224,1709.2924306487719,1795.6128776314463,1794.3103112510576,2157.2720099900066,1401.698911378882,1498.8619847002524,390.4945684591395,1726.2709847422145,2071.282338247878,1501.7274976519782,2067.7252634182123,1797.1290916358182,867.9735997904463,1632.0365213080322,2473.0999980445404,1729.7483347571358,2130.6601221405513,2309.9534395309965,0.0,1145.509232617603,390.043461712084,2068.3317834366826,1144.123665175274,2063.7996564625955,387.9849866799761,844.1803178208839,1888.607059065897,2063.619218518002,1402.3013364755118,1571.850586149949,1577.6547245628446,2068.8212699299415,1574.7779947869274,4253.140215362891,1727.2714300122393,2069.728095087863,1576.2210665292262,2070.792871570817
33016,830.1154416119084,1264.1699021123547,3155.827339510787,1263.6947275499274,3156.8181975854973,830.8279522700398,868.6115757667994,927.9548341522834,930.2177410219915,882.887294810195,759.1940900220413,882.9824985812751,930.3743064666529,431.1054369059918,1263.4249798454653,792.8383758323115,1179.2654529084434,1404.847902823425,980.7528126420085,793.7096488229341,1144.6966820263513,1013.0882507987404,941.3060617460189,499.2293616916868,1076.9462075218114,824.5038249617584,931.6864178741517,498.1736407081825,928.4480189333909,794.9923834601551,871.9826268815341,518.3712734791519,1405.0175673248093,830.1940840825177,1179.515226998858,1264.3471905777226,1145.509232617603,0.0,1076.95470271531,928.7910123239776,1.8028455289514609,924.5101418673559,1077.1826006990523,1264.677937897698,759.3851933513803,924.3626932217563,942.6970847132923,745.3842318058719,750.7869172430567,929.5521821545665,749.6649983760045,3157.404052638394,792.5636706551849,930.1420842896698,750.565730917628,931.0076376679237
